951.2 
951.1 
951.2 
951.2 
951.2 
951.2 
951.1 
951.1 
951.0 
951.1 
951.1 
951.1 
951.1 
951.1 
950.9 
951.0 
951.2 
951.1 
951.1 
951.2 
951.1 
951.2 
951.2 
951.0 
951.1 
951.2 
951.4 
951.0 
951.3 
951.3 
951.4 
951.4 
951.5 
951.6 
951.6 
951.7 
951.5 
951.6 
951.8 
951.6 
951.9 
951.9 
951.9 
951.9 
951.8 
951.8 
951.8 
951.9 
951.8 
951.9 
951.9 
951.9 
951.9 
951.9 
951.9 
951.9 
951.9 
952.0 
952.0 
952.0 
952.0 
952.1 
952.1 
952.1 
952.2 
952.1 
952.0 
952.0 
952.0 
952.1 
952.1 
952.1 
952.2 
952.2 
952.2 
952.3 
952.1 
952.1 
952.1 
952.2 
952.2 
952.3 
952.3 
952.3 
952.3 
952.3 
952.3 
952.3 
952.3 
952.3 
952.3 
952.4 
952.4 
952.4 
952.4 
952.4 
952.3 
952.3 
952.2 
952.3 
952.4 
952.4 
952.4 
952.4 
952.5 
952.5 
952.5 
952.3 
952.4 
952.5 
952.5 
952.5 
952.5 
952.5 
952.5 
952.6 
952.7 
952.5 
952.6 
952.7 
952.7 
952.7 
952.7 
952.8 
952.8 
952.8 
952.8 
952.9 
953.0 
953.0 
952.9 
953.1 
953.0 
953.0 
953.1 
953.0 
953.0 
952.9 
953.0 
953.0 
953.0 
952.9 
952.9 
953.0 
953.0 
953.2 
953.1 
953.1 
953.3 
953.3 
953.3 
953.4 
953.4 
953.4 
953.5 
953.6 
953.6 
953.6 
953.6 
953.6 
953.6 
953.6 
953.6 
953.6 
953.6 
953.6 
953.5 
953.6 
953.6 
953.6 
953.7 
953.7 
953.6 
953.6 
953.6 
953.6 
953.7 
953.8 
953.7 
953.8 
953.8 
953.7 
953.7 
953.8 
953.8 
953.8 
953.9 
954.0 
954.0 
953.9 
954.0 
953.9 
953.9 
954.0 
954.0 
954.0 
953.9 
953.9 
953.9 
954.0 
954.0 
953.9 
954.0 
954.0 
954.0 
954.1 
954.0 
954.1 
954.1 
954.1 
954.0 
954.1 
954.1 
954.1 
954.1 
954.0 
954.1 
954.0 
954.0 
954.0 
954.0 
954.0 
954.0 
954.0 
954.1 
954.0 
954.0 
954.0 
954.0 
954.0 
954.1 
954.0 
954.0 
953.9 
954.1 
953.9 
954.0 
954.0 
954.0 
954.0 
953.9 
954.1 
954.0 
954.1 
954.0 
954.0 
954.1 
954.1 
954.0 
954.1 
954.1 
954.1 
954.1 
954.0 
954.1 
954.1 
954.1 
954.1 
954.1 
954.2 
954.1 
954.1 
954.2 
954.1 
954.1 
954.1 
954.1 
954.1 
954.1 
954.1 
954.1 
954.1 
954.1 
954.1 
954.1 
954.2 
954.2 
954.2 
954.2 
954.3 
954.3 
954.3 
954.3 
954.3 
954.4 
954.3 
954.3 
954.3 
954.4 
954.4 
954.3 
954.3 
954.4 
954.3 
954.3 
954.3 
954.3 
954.3 
954.3 
954.3 
954.3 
954.3 
954.3 
954.3 
954.3 
954.3 
954.3 
954.2 
954.3 
954.3 
954.3 
954.3 
954.2 
954.2 
954.3 
954.3 
954.4 
954.4 
954.4 
954.4 
954.4 
954.4 
954.5 
954.5 
954.4 
954.5 
954.4 
954.4 
954.4 
954.4 
954.5 
954.4 
954.4 
954.4 
954.5 
954.5 
954.4 
954.4 
954.4 
954.4 
954.4 
954.4 
954.4 
954.4 
954.2 
954.3 
954.3 
954.2 
954.3 
954.3 
954.3 
954.3 
954.3 
954.3 
954.3 
954.4 
954.3 
954.4 
954.4 
954.4 
954.4 
954.4 
954.4 
954.4 
954.5 
954.4 
954.5 
954.5 
954.5 
954.5 
954.6 
954.6 
954.5 
954.6 
954.6 
954.6 
954.6 
954.6 
954.6 
954.5 
954.6 
954.6 
954.7 
954.6 
954.6 
954.6 
954.6 
954.6 
954.6 
954.6 
954.6 
954.5 
954.5 
954.6 
954.6 
954.5 
954.6 
954.5 
954.6 
954.6 
954.6 
954.6 
954.5 
954.5 
954.6 
954.6 
954.6 
954.6 
954.6 
954.6 
954.6 
954.6 
954.6 
954.6 
954.6 
954.6 
954.5 
954.5 
954.6 
954.5 
954.5 
954.5 
954.5 
954.5 
954.5 
954.5 
954.5 
954.5 
954.5 
954.4 
954.4 
954.4 
954.4 
954.4 
954.4 
954.4 
954.4 
954.4 
954.4 
954.4 
954.4 
954.4 
954.4 
954.4 
954.4 
954.4 
954.4 
954.5 
954.5 
954.5 
954.5 
954.5 
954.5 
954.5 
954.5 
954.5 
954.5 
954.5 
954.5 
954.5 
954.5 
954.5 
954.4 
954.5 
954.5 
954.5 
954.5 
954.5 
954.5 
954.5 
954.5 
954.5 
954.5 
954.5 
954.4 
954.5 
954.4 
954.4 
954.4 
954.4 
954.4 
954.4 
954.4 
954.4 
954.3 
954.3 
954.3 
954.3 
954.3 
954.4 
954.3 
954.3 
954.3 
954.3 
954.3 
954.4 
954.4 
954.4 
954.3 
954.3 
954.3 
954.2 
954.2 
954.1 
954.1 
954.1 
954.1 
954.1 
954.0 
954.0 
954.0 
954.0 
954.0 
953.9 
953.9 
953.9 
953.9 
953.9 
953.8 
953.9 
953.8 
953.8 
953.8 
953.7 
953.7 
953.8 
953.8 
953.8 
953.9 
953.9 
953.9 
953.9 
953.9 
954.0 
954.0 
954.0 
953.9 
954.0 
954.0 
953.9 
953.9 
953.9 
954.0 
954.0 
954.0 
954.1 
954.0 
954.1 
954.1 
954.0 
954.0 
954.0 
954.1 
954.1 
954.1 
954.1 
954.1 
954.2 
954.1 
954.2 
954.2 
954.3 
954.3 
954.4 
954.4 
954.4 
954.4 
954.5 
954.5 
954.5 
954.5 
954.5 
954.5 
954.5 
954.5 
954.5 
954.5 
954.5 
954.5 
954.5 
954.5 
954.4 
954.4 
954.4 
954.4 
954.4 
954.4 
954.4 
954.4 
954.4 
954.4 
954.4 
954.4 
954.4 
954.4 
954.3 
954.3 
954.3 
954.3 
954.3 
954.3 
954.3 
954.3 
954.2 
954.2 
954.2 
954.2 
954.2 
954.2 
954.2 
954.2 
954.1 
954.1 
954.2 
954.2 
954.2 
954.2 
954.2 
954.2 
954.2 
954.2 
954.2 
954.2 
954.2 
954.2 
954.2 
954.2 
954.2 
954.2 
954.2 
954.2 
954.2 
954.2 
954.2 
954.2 
954.2 
954.2 
954.2 
954.1 
954.1 
954.1 
954.1 
954.1 
954.0 
954.0 
954.0 
954.0 
954.0 
954.0 
954.0 
954.0 
954.0 
954.1 
954.1 
954.1 
954.1 
954.1 
954.1 
954.1 
954.1 
954.1 
954.1 
954.1 
954.1 
954.1 
954.1 
954.1 
954.1 
954.1 
954.1 
954.1 
954.0 
954.0 
954.0 
954.0 
954.0 
954.0 
954.0 
953.9 
953.9 
953.9 
953.9 
953.9 
953.8 
953.8 
953.8 
953.8 
953.8 
953.8 
953.8 
953.8 
953.7 
953.7 
953.7 
953.7 
953.7 
953.7 
953.7 
953.6 
953.7 
953.6 
953.6 
953.6 
953.6 
953.6 
953.6 
953.6 
953.5 
953.5 
953.5 
953.5 
953.5 
953.5 
953.5 
953.5 
953.5 
953.4 
953.4 
953.4 
953.4 
953.4 
953.3 
953.3 
953.3 
953.3 
953.3 
953.3 
953.3 
953.3 
953.2 
953.2 
953.2 
953.2 
953.2 
953.2 
953.2 
953.2 
953.2 
953.1 
953.1 
953.1 
953.1 
953.2 
953.2 
953.1 
953.1 
953.1 
953.1 
953.1 
953.0 
953.0 
953.0 
953.0 
953.0 
953.0 
952.9 
952.9 
952.9 
953.0 
953.0 
952.9 
952.9 
952.9 
952.9 
952.9 
952.8 
952.8 
952.8 
952.7 
952.7 
952.7 
952.7 
952.7 
952.6 
952.6 
952.6 
952.6 
952.6 
952.6 
952.6 
952.6 
952.6 
952.6 
952.6 
952.6 
952.6 
952.6 
952.6 
952.6 
952.6 
952.6 
952.5 
952.5 
952.5 
952.4 
952.4 
952.4 
952.3 
952.3 
952.3 
952.2 
952.2 
952.2 
952.2 
952.2 
952.2 
952.2 
952.2 
952.2 
952.2 
952.1 
952.1 
952.1 
952.1 
952.0 
952.0 
952.0 
952.0 
952.0 
952.0 
952.0 
952.0 
952.0 
951.9 
951.9 
951.9 
951.9 
951.9 
951.8 
951.8 
951.8 
951.8 
951.8 
951.8 
951.7 
951.7 
951.7 
951.7 
951.7 
951.7 
951.6 
951.6 
951.6 
951.6 
951.5 
951.5 
951.5 
951.4 
951.4 
951.4 
951.4 
951.4 
951.3 
951.3 
951.3 
951.3 
951.3 
951.3 
951.2 
951.2 
951.2 
951.2 
951.1 
951.1 
951.1 
951.1 
951.0 
950.9 
950.9 
950.9 
950.9 
950.9 
950.8 
950.8 
950.8 
950.7 
950.7 
950.7 
950.7 
950.6 
950.6 
950.6 
950.5 
950.5 
950.4 
950.4 
950.3 
950.3 
950.3 
950.3 
950.2 
950.2 
950.2 
950.2 
950.1 
950.0 
950.0 
950.0 
950.0 
950.0 
949.9 
949.9 
949.9 
949.9 
949.8 
949.8 
949.8 
949.7 
949.6 
949.5 
949.5 
949.5 
949.4 
949.4 
949.4 
949.4 
949.4 
949.4 
949.3 
949.3 
949.3 
949.3 
949.2 
949.2 
949.2 
949.1 
949.1 
949.0 
949.0 
949.0 
949.0 
948.9 
948.9 
948.9 
948.8 
948.8 
948.8 
948.8 
948.8 
948.7 
948.7 
948.6 
948.6 
948.5 
948.5 
948.5 
948.4 
948.4 
948.4 
948.4 
948.3 
948.3 
948.3 
948.3 
948.2 
948.2 
948.2 
948.2 
948.1 
948.1 
948.1 
948.1 
948.0 
948.0 
948.0 
947.9 
947.9 
947.8 
947.8 
947.8 
947.7 
947.7 
947.7 
947.6 
947.6 
947.5 
947.5 
947.5 
947.5 
947.4 
947.4 
947.3 
947.3 
947.3 
947.3 
947.2 
947.2 
947.1 
947.2 
947.1 
947.1 
947.1 
947.0 
947.0 
947.0 
947.0 
947.0 
946.9 
946.9 
946.9 
946.9 
946.9 
946.8 
946.8 
946.8 
946.8 
946.8 
946.7 
946.7 
946.6 
946.6 
946.6 
946.5 
946.5 
946.5 
946.6 
946.6 
946.5 
946.4 
946.4 
946.4 
946.3 
946.3 
946.3 
946.4 
946.4 
946.3 
946.2 
946.2 
946.1 
946.2 
946.2 
946.2 
946.1 
946.0 
946.0 
946.1 
946.1 
946.1 
946.1 
946.1 
946.0 
946.0 
945.7 
945.4 
945.1 
944.9 
944.7 
944.5 
944.4 
944.3 
944.2 
944.2 
944.2 
944.1 
944.0 
944.0 
944.1 
944.1 
944.1 
944.2 
944.1 
944.2 
944.3 
944.2 
944.1 
944.1 
944.1 
944.1 
944.1 
944.0 
943.9 
943.8 
943.7 
943.6 
943.4 
943.3 
943.2 
943.1 
942.9 
942.9 
943.0 
942.9 
942.8 
942.8 
942.8 
942.8 
942.9 
943.0 
942.9 
942.9 
942.8 
942.6 
942.8 
942.7 
942.7 
942.6 
942.6 
942.5 
942.6 
942.5 
942.6 
942.4 
942.4 
942.3 
942.1 
942.1 
941.8 
941.9 
941.8 
941.6 
941.6 
941.5 
941.5 
941.6 
941.6 
941.5 
941.5 
941.5 
941.5 
941.4 
941.4 
941.3 
941.2 
941.1 
941.2 
941.1 
941.2 
941.2 
941.2 
941.1 
941.0 
940.9 
940.9 
940.9 
940.8 
940.8 
940.8 
940.7 
940.7 
940.6 
940.6 
940.5 
940.6 
940.5 
940.5 
940.5 
940.2 
940.3 
940.1 
940.2 
940.3 
940.3 
940.3 
940.2 
940.2 
940.2 
940.1 
940.1 
940.2 
940.0 
940.0 
940.0 
940.1 
940.1 
940.0 
940.0 
939.9 
939.9 
939.8 
939.8 
939.8 
939.7 
939.7 
939.6 
939.7 
939.5 
939.5 
939.4 
939.3 
939.3 
939.2 
939.1 
939.2 
939.0 
939.0 
939.0 
938.9 
938.9 
938.8 
938.8 
938.8 
938.7 
938.5 
938.6 
938.5 
938.5 
938.5 
938.5 
938.5 
938.4 
938.4 
938.4 
938.4 
938.4 
938.4 
938.3 
938.2 
938.3 
938.3 
938.2 
938.3 
938.3 
938.2 
938.2 
938.1 
938.1 
938.1 
938.0 
938.0 
938.0 
938.0 
938.0 
938.0 
937.8 
937.9 
937.9 
937.9 
937.8 
937.7 
937.4 
937.7 
937.7 
937.6 
937.6 
937.6 
937.6 
937.7 
937.7 
937.7 
937.6 
937.6 
937.6 
937.5 
937.4 
937.4 
937.4 
937.4 
937.4 
937.4 
937.3 
937.3 
937.4 
937.4 
937.3 
937.2 
937.2 
937.3 
937.3 
937.2 
937.3 
937.3 
937.2 
937.2 
937.1 
937.0 
937.1 
937.1 
937.0 
937.0 
937.0 
937.0 
937.0 
937.0 
936.9 
936.9 
936.9 
936.8 
936.7 
936.7 
936.7 
936.7 
936.6 
936.6 
936.6 
936.5 
936.5 
936.5 
936.6 
936.5 
936.5 
936.5 
936.4 
936.3 
936.3 
936.3 
936.3 
936.2 
936.2 
936.2 
936.1 
936.2 
936.1 
936.1 
936.0 
936.0 
936.0 
936.0 
936.0 
935.9 
935.9 
935.9 
935.9 
935.8 
935.8 
935.7 
935.8 
935.7 
935.7 
935.7 
935.8 
935.8 
935.8 
935.7 
935.6 
935.6 
935.6 
935.5 
935.5 
935.4 
935.4 
935.3 
935.2 
935.2 
935.2 
935.1 
935.1 
935.0 
935.0 
934.9 
934.9 
934.9 
934.9 
934.8 
934.7 
934.7 
934.7 
934.7 
934.6 
934.6 
934.6 
934.6 
934.6 
934.7 
934.7 
934.7 
934.7 
934.7 
934.6 
934.6 
934.6 
934.5 
934.5 
934.5 
934.5 
934.5 
934.5 
934.4 
934.3 
934.3 
934.3 
934.2 
934.2 
934.2 
934.2 
934.3 
934.3 
934.2 
934.1 
934.0 
934.0 
934.0 
933.9 
933.9 
933.8 
933.8 
933.8 
933.9 
933.9 
933.9 
933.9 
934.0 
933.9 
933.8 
933.8 
933.7 
933.8 
933.7 
933.7 
933.8 
933.8 
933.7 
933.7 
933.7 
933.6 
933.6 
933.6 
933.6 
933.7 
933.6 
933.7 
933.7 
933.6 
933.6 
933.6 
933.6 
933.5 
933.5 
933.6 
933.6 
933.6 
933.6 
933.6 
933.5 
933.5 
933.5 
933.4 
933.5 
933.6 
933.5 
933.5 
933.5 
933.6 
933.6 
933.5 
933.7 
933.7 
933.7 
933.7 
933.8 
933.7 
933.7 
933.7 
933.7 
933.8 
933.8 
933.8 
933.8 
933.8 
933.7 
933.7 
933.8 
933.8 
933.8 
933.8 
933.8 
933.8 
933.8 
933.8 
933.8 
933.8 
933.8 
933.8 
933.8 
933.8 
933.7 
933.7 
933.6 
933.6 
933.6 
933.7 
933.7 
933.7 
933.7 
933.7 
933.7 
933.7 
933.7 
933.7 
933.7 
933.8 
933.8 
933.7 
933.6 
933.6 
933.6 
933.7 
933.7 
933.7 
933.7 
933.7 
933.7 
933.6 
933.6 
933.6 
933.6 
933.5 
933.5 
933.5 
933.5 
933.5 
933.5 
933.5 
933.4 
933.4 
933.4 
933.4 
933.4 
933.4 
933.4 
933.4 
933.4 
933.3 
933.3 
933.3 
933.2 
933.1 
933.1 
933.0 
933.0 
933.1 
933.2 
933.2 
933.1 
933.0 
933.1 
933.1 
933.1 
933.0 
933.0 
933.0 
933.0 
933.1 
933.1 
933.0 
933.0 
933.0 
933.0 
933.0 
933.0 
933.1 
933.1 
933.1 
933.1 
933.1 
933.0 
933.0 
933.0 
933.0 
933.0 
933.0 
933.0 
932.9 
932.9 
932.9 
932.9 
932.9 
932.8 
932.9 
932.8 
932.7 
932.7 
932.7 
932.7 
932.7 
932.8 
932.8 
932.6 
932.6 
932.6 
932.6 
932.6 
932.7 
932.7 
932.8 
932.8 
932.8 
932.8 
932.8 
932.8 
932.8 
932.8 
932.9 
932.8 
932.8 
932.8 
932.7 
932.7 
932.8 
932.7 
932.7 
932.7 
932.6 
932.6 
932.6 
932.6 
932.5 
932.6 
932.6 
932.7 
932.7 
932.7 
932.7 
932.7 
932.7 
932.7 
932.6 
932.6 
932.6 
932.6 
932.6 
932.6 
932.7 
932.8 
932.8 
932.8 
932.8 
932.8 
932.7 
932.6 
932.6 
932.6 
932.5 
932.4 
932.1 
931.9 
931.7 
931.7 
931.7 
931.7 
931.6 
931.5 
931.4 
931.4 
931.4 
931.3 
931.2 
931.3 
931.4 
931.5 
931.6 
931.6 
931.6 
931.7 
931.7 
931.7 
931.7 
931.7 
931.7 
931.7 
931.7 
931.8 
931.8 
931.7 
931.7 
931.8 
931.8 
931.8 
931.7 
931.6 
931.6 
931.6 
931.6 
931.6 
931.6 
931.6 
931.6 
931.6 
931.6 
931.6 
931.6 
931.5 
931.5 
931.5 
931.5 
931.5 
931.5 
931.5 
931.4 
931.4 
931.4 
931.3 
931.3 
931.3 
931.3 
931.3 
931.4 
931.4 
931.4 
931.4 
931.3 
931.3 
931.3 
931.3 
931.2 
931.1 
931.1 
931.1 
931.0 
931.0 
931.0 
930.9 
930.9 
931.0 
930.9 
930.9 
930.9 
930.8 
930.8 
930.7 
930.6 
930.6 
930.6 
930.6 
930.5 
930.5 
930.5 
930.5 
930.4 
930.4 
930.3 
930.2 
930.2 
930.2 
930.2 
930.1 
930.1 
929.9 
929.9 
929.8 
929.8 
929.8 
929.7 
929.7 
929.7 
929.7 
929.6 
929.6 
929.5 
929.5 
929.4 
929.5 
929.5 
929.4 
929.3 
929.3 
929.3 
929.2 
929.2 
929.2 
929.1 
929.1 
929.1 
929.1 
929.1 
929.1 
929.1 
929.1 
929.1 
929.0 
928.9 
928.9 
928.9 
928.8 
928.7 
928.6 
928.6 
928.6 
928.6 
928.6 
928.6 
928.5 
928.5 
928.5 
928.5 
928.4 
928.3 
928.3 
928.3 
928.3 
928.3 
928.3 
928.2 
928.2 
928.2 
928.2 
928.1 
928.1 
928.1 
928.0 
928.0 
928.0 
928.0 
927.9 
927.8 
927.7 
927.7 
927.6 
927.5 
927.5 
927.5 
927.5 
927.4 
927.4 
927.3 
927.3 
927.2 
927.2 
927.1 
927.2 
927.2 
927.1 
927.0 
927.0 
927.0 
926.9 
926.9 
926.8 
926.7 
926.7 
926.6 
926.6 
926.6 
926.6 
926.6 
926.5 
926.5 
926.4 
926.4 
926.3 
926.2 
926.1 
926.1 
926.0 
926.0 
925.9 
925.9 
925.8 
925.8 
925.7 
925.7 
925.7 
925.6 
925.6 
925.5 
925.5 
925.5 
925.5 
925.5 
925.5 
925.5 
925.4 
925.3 
925.3 
925.2 
925.2 
925.2 
925.1 
925.1 
925.0 
925.0 
925.0 
925.0 
925.0 
925.0 
924.9 
924.9 
924.9 
924.8 
924.7 
924.8 
924.8 
924.8 
924.7 
924.7 
924.6 
924.6 
924.6 
924.5 
924.5 
924.4 
924.4 
924.4 
924.3 
924.3 
924.3 
924.3 
924.2 
924.2 
924.2 
924.2 
924.1 
924.1 
924.1 
924.0 
923.9 
923.8 
923.8 
923.8 
923.7 
923.8 
923.7 
923.6 
923.5 
923.5 
923.4 
923.4 
923.4 
923.3 
923.2 
923.1 
923.0 
923.0 
923.1 
923.1 
923.1 
923.2 
923.1 
923.0 
923.0 
922.9 
922.9 
922.9 
922.9 
922.8 
922.9 
922.8 
922.7 
922.7 
922.7 
922.7 
922.6 
922.6 
922.6 
922.6 
922.6 
922.6 
922.5 
922.4 
922.4 
922.3 
922.4 
922.3 
922.3 
922.2 
922.2 
922.2 
922.2 
922.2 
922.2 
922.2 
922.2 
922.1 
922.1 
922.0 
922.0 
922.1 
922.1 
922.0 
922.0 
922.0 
921.9 
921.9 
921.8 
921.8 
921.6 
921.6 
921.6 
921.7 
921.6 
921.6 
921.7 
921.7 
921.7 
921.6 
921.6 
921.6 
921.6 
921.6 
921.5 
921.5 
921.5 
921.4 
921.5 
921.4 
921.4 
921.4 
921.3 
921.3 
921.2 
921.3 
921.2 
921.2 
921.1 
921.1 
921.1 
921.0 
921.0 
920.9 
920.9 
920.9 
920.8 
920.7 
920.6 
920.6 
920.5 
920.4 
920.4 
920.3 
920.3 
920.3 
920.3 
920.2 
920.3 
920.2 
920.2 
920.1 
920.1 
920.1 
920.0 
920.0 
920.0 
920.0 
920.0 
919.9 
919.9 
919.9 
919.8 
919.8 
919.7 
919.8 
919.8 
919.7 
919.7 
919.7 
919.6 
919.6 
919.6 
919.5 
919.5 
919.5 
919.5 
919.5 
919.4 
919.4 
919.4 
919.3 
919.3 
919.3 
919.3 
919.3 
919.2 
919.1 
919.1 
919.1 
919.1 
919.1 
919.0 
919.0 
918.9 
918.9 
918.9 
918.8 
918.7 
918.7 
918.6 
918.6 
918.5 
918.5 
918.5 
918.5 
918.4 
918.5 
918.5 
918.5 
918.6 
918.6 
918.6 
918.5 
918.5 
918.5 
918.5 
918.4 
918.5 
918.5 
918.4 
918.5 
918.5 
918.5 
918.5 
918.4 
918.4 
918.4 
918.4 
918.4 
918.4 
918.4 
918.4 
918.3 
918.4 
918.4 
918.3 
918.3 
918.3 
918.2 
918.3 
918.2 
918.2 
918.2 
918.2 
918.2 
918.2 
918.1 
918.2 
918.2 
918.2 
918.2 
918.2 
918.1 
918.1 
918.1 
918.1 
918.1 
918.1 
918.1 
918.0 
918.0 
918.0 
917.9 
918.0 
918.0 
918.0 
917.9 
918.0 
918.0 
918.0 
918.1 
918.0 
917.9 
917.9 
917.8 
917.8 
917.7 
917.8 
917.9 
917.9 
917.9 
917.9 
917.9 
917.9 
917.8 
917.8 
917.7 
917.7 
917.8 
917.8 
917.8 
918.0 
918.0 
918.0 
918.0 
918.1 
918.2 
918.2 
918.3 
918.2 
918.2 
918.2 
918.2 
918.2 
918.3 
918.3 
918.3 
918.3 
918.3 
918.3 
918.3 
918.3 
918.4 
918.4 
918.3 
918.3 
918.3 
918.3 
918.3 
918.3 
918.3 
918.3 
918.3 
918.2 
918.4 
918.4 
918.4 
918.5 
918.5 
918.5 
918.5 
918.5 
918.5 
918.5 
918.6 
918.5 
918.5 
918.5 
918.5 
918.6 
918.6 
918.6 
918.6 
918.7 
918.7 
918.7 
918.7 
918.7 
918.7 
918.7 
918.7 
918.7 
918.8 
918.8 
918.8 
918.8 
918.7 
918.7 
918.6 
918.7 
918.6 
918.6 
918.6 
918.6 
918.6 
918.6 
918.6 
918.6 
918.6 
918.6 
918.6 
918.7 
918.7 
918.7 
918.7 
918.8 
918.8 
918.7 
918.8 
918.8 
918.8 
918.9 
918.9 
918.9 
919.0 
919.0 
919.0 
919.0 
919.0 
919.0 
919.1 
919.1 
919.0 
919.0 
919.1 
919.2 
919.2 
919.3 
919.3 
919.3 
919.3 
919.3 
919.4 
919.4 
919.4 
919.5 
919.4 
919.4 
919.5 
919.5 
919.5 
919.5 
919.6 
919.5 
919.6 
919.6 
919.7 
919.7 
919.7 
919.7 
919.7 
919.7 
919.7 
919.7 
919.8 
919.8 
919.8 
919.9 
919.9 
919.9 
920.0 
920.0 
920.0 
920.0 
920.1 
920.1 
920.1 
920.2 
920.1 
920.1 
920.1 
920.2 
920.2 
920.3 
920.2 
920.2 
920.2 
920.2 
920.2 
920.3 
920.3 
920.3 
920.3 
920.3 
920.3 
920.3 
920.3 
920.4 
920.4 
920.4 
920.4 
920.4 
920.4 
920.4 
920.4 
920.4 
920.4 
920.4 
920.4 
920.4 
920.4 
920.4 
920.4 
920.5 
920.5 
920.5 
920.5 
920.6 
920.6 
920.6 
920.6 
920.6 
920.7 
920.6 
920.7 
920.6 
920.6 
920.6 
920.6 
920.7 
920.8 
920.7 
920.7 
920.8 
920.8 
920.8 
920.8 
920.8 
920.8 
920.8 
920.8 
920.8 
920.8 
920.8 
920.8 
920.7 
920.8 
920.8 
920.8 
920.8 
920.8 
920.8 
920.9 
920.9 
920.9 
920.9 
921.0 
920.9 
920.9 
921.0 
921.0 
921.0 
921.0 
921.0 
921.0 
921.1 
921.1 
921.1 
921.1 
921.1 
921.2 
921.1 
921.2 
921.2 
921.2 
921.2 
921.2 
921.2 
921.3 
921.2 
921.2 
921.3 
921.2 
921.2 
921.2 
921.3 
921.3 
921.3 
921.2 
921.3 
921.3 
921.3 
921.2 
921.1 
921.3 
921.4 
921.3 
921.2 
921.2 
921.2 
921.2 
921.2 
921.2 
921.3 
921.3 
921.4 
921.3 
921.3 
921.3 
921.4 
921.3 
921.3 
921.3 
921.3 
921.3 
921.3 
921.3 
921.3 
921.3 
921.3 
921.4 
921.4 
921.3 
921.3 
921.4 
921.4 
921.3 
921.3 
921.4 
921.4 
921.4 
921.5 
921.4 
921.4 
921.4 
921.4 
921.5 
921.5 
921.5 
921.5 
921.5 
921.5 
921.6 
921.5 
921.5 
921.5 
921.5 
921.5 
921.5 
921.5 
921.5 
921.5 
921.5 
921.5 
921.6 
921.6 
921.6 
921.5 
921.6 
921.6 
921.6 
921.6 
921.6 
921.6 
921.6 
921.6 
921.6 
921.6 
921.6 
921.7 
921.7 
921.7 
921.7 
921.7 
921.7 
921.7 
921.7 
921.8 
921.8 
921.8 
921.8 
921.8 
921.8 
921.8 
921.9 
921.9 
921.9 
921.9 
921.9 
921.9 
921.9 
921.9 
921.9 
921.9 
921.9 
921.9 
922.0 
922.0 
922.0 
922.0 
922.0 
922.0 
922.1 
922.1 
922.1 
922.1 
922.1 
922.1 
922.1 
922.1 
922.2 
922.2 
922.2 
922.2 
922.2 
922.2 
922.2 
922.2 
922.2 
922.2 
922.2 
922.2 
922.2 
922.3 
922.3 
922.2 
922.3 
922.3 
922.3 
922.3 
922.3 
922.3 
922.3 
922.3 
922.3 
922.3 
922.3 
922.4 
922.4 
922.4 
922.4 
922.4 
922.5 
922.4 
922.4 
922.4 
922.4 
922.4 
